{
  "raw_rows": 2061,
  "clean_rows": 1975,
  "priced_rows": 1963,
  "missing_price_rows": 12,
  "priced_rows_original": 1471,
  "missing_price_rows_original": 504,
  "missing_jenis_rows": 53,
  "rows_missing_price_with_jenis": 492,
  "rows_price_imputed_by_jenis": 492,
  "rows_still_missing_price_after_imputation": 12,
  "jenis_without_price_reference": [],
  "mean_price_by_jenis": [
    {
      "jenis_mobil": "Convertible",
      "mean_harga": 1960000000
    },
    {
      "jenis_mobil": "Coupe",
      "mean_harga": 1459607628
    },
    {
      "jenis_mobil": "Fastback",
      "mean_harga": 1311250000
    },
    {
      "jenis_mobil": "Sedan",
      "mean_harga": 471819265
    },
    {
      "jenis_mobil": "SUV",
      "mean_harga": 466564618
    },
    {
      "jenis_mobil": "Wagon",
      "mean_harga": 464750000
    },
    {
      "jenis_mobil": "Truck",
      "mean_harga": 337888889
    },
    {
      "jenis_mobil": "Pickup",
      "mean_harga": 298357143
    },
    {
      "jenis_mobil": "MPV",
      "mean_harga": 284012562
    },
    {
      "jenis_mobil": "Van",
      "mean_harga": 237000000
    },
    {
      "jenis_mobil": "Hatchback",
      "mean_harga": 201503268
    }
  ],
  "generated_from": "mobil123_raw.csv",
  "columns": [
    "tahun",
    "merk",
    "tipe",
    "tipe_truncated",
    "jenis_mobil",
    "is_convertible",
    "is_coupe",
    "is_fastback",
    "is_hatchback",
    "is_mpv",
    "is_pickup",
    "is_suv",
    "is_sedan",
    "is_truck",
    "is_van",
    "is_wagon",
    "transmisi",
    "km",
    "lokasi",
    "penjual",
    "harga_asli",
    "harga_imputed",
    "imputation_source",
    "harga"
  ],
  "correlation": {
    "columns": [
      "tahun",
      "km",
      "harga",
      "is_convertible",
      "is_coupe",
      "is_fastback",
      "is_hatchback",
      "is_mpv",
      "is_pickup",
      "is_suv",
      "is_sedan",
      "is_truck",
      "is_van",
      "is_wagon"
    ],
    "matrix": [
      [
        1.0,
        -0.6001,
        0.107,
        -0.0597,
        -0.036,
        0.0301,
        -0.0334,
        0.0067,
        0.0208,
        0.0858,
        -0.1236,
        -0.0247,
        0.018,
        0.002
      ],
      [
        -0.6001,
        1.0,
        -0.3171,
        -0.0619,
        -0.1747,
        -0.0499,
        0.0214,
        0.2076,
        -0.0149,
        -0.0228,
        -0.103,
        -0.0062,
        0.0204,
        -0.0456
      ],
      [
        0.107,
        -0.3171,
        1.0,
        0.1673,
        0.3449,
        0.0758,
        -0.1434,
        -0.1586,
        -0.0155,
        0.0406,
        0.021,
        -0.0118,
        -0.0176,
        0.0024
      ],
      [
        -0.0597,
        -0.0619,
        0.1673,
        1.0,
        -0.0126,
        -0.0032,
        -0.0224,
        -0.038,
        -0.0041,
        -0.0553,
        -0.0239,
        -0.0043,
        -0.0032,
        -0.0035
      ],
      [
        -0.036,
        -0.1747,
        0.3449,
        -0.0126,
        1.0,
        -0.0099,
        -0.0689,
        -0.1167,
        -0.0126,
        -0.17,
        -0.0735,
        -0.0133,
        -0.0099,
        -0.0109
      ],
      [
        0.0301,
        -0.0499,
        0.0758,
        -0.0032,
        -0.0099,
        1.0,
        -0.0177,
        -0.03,
        -0.0032,
        -0.0437,
        -0.0189,
        -0.0034,
        -0.0026,
        -0.0028
      ],
      [
        -0.0334,
        0.0214,
        -0.1434,
        -0.0224,
        -0.0689,
        -0.0177,
        1.0,
        -0.2083,
        -0.0224,
        -0.3033,
        -0.1312,
        -0.0238,
        -0.0177,
        -0.0194
      ],
      [
        0.0067,
        0.2076,
        -0.1586,
        -0.038,
        -0.1167,
        -0.03,
        -0.2083,
        1.0,
        -0.038,
        -0.5137,
        -0.2222,
        -0.0403,
        -0.03,
        -0.0329
      ],
      [
        0.0208,
        -0.0149,
        -0.0155,
        -0.0041,
        -0.0126,
        -0.0032,
        -0.0224,
        -0.038,
        1.0,
        -0.0553,
        -0.0239,
        -0.0043,
        -0.0032,
        -0.0035
      ],
      [
        0.0858,
        -0.0228,
        0.0406,
        -0.0553,
        -0.17,
        -0.0437,
        -0.3033,
        -0.5137,
        -0.0553,
        1.0,
        -0.3236,
        -0.0587,
        -0.0437,
        -0.0479
      ],
      [
        -0.1236,
        -0.103,
        0.021,
        -0.0239,
        -0.0735,
        -0.0189,
        -0.1312,
        -0.2222,
        -0.0239,
        -0.3236,
        1.0,
        -0.0254,
        -0.0189,
        -0.0207
      ],
      [
        -0.0247,
        -0.0062,
        -0.0118,
        -0.0043,
        -0.0133,
        -0.0034,
        -0.0238,
        -0.0403,
        -0.0043,
        -0.0587,
        -0.0254,
        1.0,
        -0.0034,
        -0.0038
      ],
      [
        0.018,
        0.0204,
        -0.0176,
        -0.0032,
        -0.0099,
        -0.0026,
        -0.0177,
        -0.03,
        -0.0032,
        -0.0437,
        -0.0189,
        -0.0034,
        1.0,
        -0.0028
      ],
      [
        0.002,
        -0.0456,
        0.0024,
        -0.0035,
        -0.0109,
        -0.0028,
        -0.0194,
        -0.0329,
        -0.0035,
        -0.0479,
        -0.0207,
        -0.0038,
        -0.0028,
        1.0
      ]
    ]
  }
}